Freq(Hz),S11_real,S11_imag,S21_real,S21_imag,S12_real,S12_imag,S22_real,S22_imag
1,1e+08,0.999839,-0.00695475,-1.11557e-05,6.53765e-05,-1.11557e-05,6.53765e-05,0.999992,-0.00110655
1,2e+08,0.999364,-0.0138353,-4.38429e-05,0.000136899,-4.38429e-05,0.000136899,0.999969,-0.00220976
1,3e+08,0.998585,-0.0206205,-9.70388e-05,0.000216411,-9.70388e-05,0.000216411,0.99993,-0.00330917
1,4e+08,0.997517,-0.0272907,-0.000169546,0.000305612,-0.000169546,0.000305612,0.999876,-0.00440433
1,5e+08,0.996172,-0.0338277,-0.000260013,0.000406044,-0.000260013,0.000406044,0.999808,-0.00549482
1,6e+08,0.994568,-0.0402153,-0.000366961,0.000519073,-0.000366961,0.000519073,0.999725,-0.00658021
1,7e+08,0.99272,-0.0464391,-0.000488807,0.000645877,-0.000488807,0.000645877,0.999628,-0.00766012
1,8e+08,0.990647,-0.0524866,-0.000623891,0.000787441,-0.000623891,0.000787441,0.999517,-0.00873416
1,9e+08,0.988367,-0.0583474,-0.000770504,0.000944553,-0.000770504,0.000944553,0.999393,-0.00980198
1,1e+09,0.9859,-0.0640131,-0.000926913,0.00111781,-0.000926913,0.00111781,0.999256,-0.0108632
1,1.1e+09,0.983264,-0.0694771,-0.00109139,0.00130761,-0.00109139,0.00130761,0.999107,-0.0119177
1,1.2e+09,0.980479,-0.074735,-0.00126221,0.00151417,-0.00126221,0.00151417,0.998945,-0.0129649
1,1.3e+09,0.977564,-0.0797839,-0.0014377,0.00173757,-0.0014377,0.00173757,0.998772,-0.0140048
1,1.4e+09,0.974537,-0.0846229,-0.00161626,0.00197769,-0.00161626,0.00197769,0.998588,-0.015037
1,1.5e+09,0.971415,-0.0892525,-0.00179632,0.00223427,-0.00179632,0.00223427,0.998393,-0.0160614
1,1.6e+09,0.968216,-0.0936746,-0.00197642,0.00250695,-0.00197642,0.00250695,0.998188,-0.0170776
1,1.7e+09,0.964956,-0.0978924,-0.0021552,0.00279522,-0.0021552,0.00279522,0.997973,-0.0180857
1,1.8e+09,0.96165,-0.10191,-0.00233137,0.00309847,-0.00233137,0.00309847,0.997749,-0.0190853
1,1.9e+09,0.958313,-0.105734,-0.00250377,0.00341603,-0.00250377,0.00341603,0.997516,-0.0200764
1,2e+09,0.954957,-0.109368,-0.00267135,0.00374714,-0.00267135,0.00374714,0.997275,-0.0210589
1,2.1e+09,0.951596,-0.112821,-0.00283314,0.00409098,-0.00283314,0.00409098,0.997026,-0.0220326
1,2.2e+09,0.948239,-0.116099,-0.00298832,0.0044467,-0.00298832,0.0044467,0.996769,-0.0229974
1,2.3e+09,0.944898,-0.119211,-0.00313614,0.00481342,-0.00313614,0.00481342,0.996506,-0.0239532
1,2.4e+09,0.941581,-0.122163,-0.00327599,0.00519023,-0.00327599,0.00519023,0.996236,-0.0249001
1,2.5e+09,0.938298,-0.124965,-0.00340732,0.00557622,-0.00340732,0.00557622,0.99596,-0.0258379
1,2.6e+09,0.935056,-0.127625,-0.0035297,0.0059705,-0.0035297,0.0059705,0.995679,-0.0267666
1,2.7e+09,0.93186,-0.130151,-0.00364278,0.00637217,-0.00364278,0.00637217,0.995392,-0.0276862
1,2.8e+09,0.928716,-0.132553,-0.00374629,0.00678035,-0.00374629,0.00678035,0.995101,-0.0285967
1,2.9e+09,0.92563,-0.134837,-0.00384003,0.0071942,-0.00384003,0.0071942,0.994806,-0.0294979
1,3e+09,0.922605,-0.137014,-0.00392386,0.00761288,-0.00392386,0.00761288,0.994507,-0.0303901
1,3.1e+09,0.919644,-0.139089,-0.00399769,0.0080356,-0.00399769,0.0080356,0.994205,-0.0312731
1,3.2e+09,0.916751,-0.14107,-0.00406152,0.00846158,-0.00406152,0.00846158,0.9939,-0.032147
1,3.3e+09,0.913927,-0.142965,-0.00411538,0.00889008,-0.00411538,0.00889008,0.993593,-0.0330117
1,3.4e+09,0.911175,-0.14478,-0.00415934,0.00932041,-0.00415934,0.00932041,0.993284,-0.0338675
1,3.5e+09,0.908496,-0.146522,-0.00419353,0.00975189,-0.00419353,0.00975189,0.992973,-0.0347141
1,3.6e+09,0.905891,-0.148198,-0.0042181,0.0101839,-0.0042181,0.0101839,0.992662,-0.0355519
1,3.7e+09,0.903362,-0.149812,-0.00423325,0.0106159,-0.00423325,0.0106159,0.992349,-0.0363806
1,3.8e+09,0.900909,-0.151371,-0.00423918,0.0110472,-0.00423918,0.0110472,0.992036,-0.0372006
1,3.9e+09,0.898532,-0.152881,-0.00423614,0.0114775,-0.00423614,0.0114775,0.991724,-0.0380117
1,4e+09,0.896231,-0.154346,-0.00422445,0.0119063,-0.00422445,0.0119063,0.991412,-0.0388141
1,4.1e+09,0.894004,-0.155771,-0.0042045,0.0123331,-0.0042045,0.0123331,0.9911,-0.0396081
1,4.2e+09,0.891848,-0.15716,-0.00417666,0.0127577,-0.00417666,0.0127577,0.990789,-0.0403937
1,4.3e+09,0.889762,-0.158517,-0.00414134,0.0131799,-0.00414134,0.0131799,0.99048,-0.0411711
1,4.4e+09,0.887742,-0.159845,-0.0040989,0.0135993,-0.0040989,0.0135993,0.990172,-0.0419407
1,4.5e+09,0.885788,-0.161148,-0.00404973,0.0140158,-0.00404973,0.0140158,0.989865,-0.0427024
1,4.6e+09,0.883896,-0.162428,-0.00399419,0.0144292,-0.00399419,0.0144292,0.98956,-0.0434565
1,4.7e+09,0.882065,-0.163689,-0.00393265,0.0148394,-0.00393265,0.0148394,0.989257,-0.0442033
1,4.8e+09,0.880291,-0.164932,-0.00386545,0.0152462,-0.00386545,0.0152462,0.988956,-0.0449429
1,4.9e+09,0.878574,-0.16616,-0.00379294,0.0156495,-0.00379294,0.0156495,0.988656,-0.0456755
1,5e+09,0.87691,-0.167375,-0.00371544,0.0160493,-0.00371544,0.0160493,0.988359,-0.0464013
1,5.1e+09,0.875297,-0.168579,-0.00363326,0.0164456,-0.00363326,0.0164456,0.988064,-0.0471205
1,5.2e+09,0.873733,-0.169772,-0.0035467,0.0168382,-0.0035467,0.0168382,0.987772,-0.0478333
1,5.3e+09,0.872216,-0.170958,-0.00345607,0.0172272,-0.00345607,0.0172272,0.987482,-0.0485399
1,5.4e+09,0.870744,-0.172137,-0.00336162,0.0176126,-0.00336162,0.0176126,0.987194,-0.0492405
1,5.5e+09,0.869315,-0.17331,-0.00326363,0.0179944,-0.00326363,0.0179944,0.986909,-0.0499353
1,5.6e+09,0.867927,-0.174478,-0.00316235,0.0183725,-0.00316235,0.0183725,0.986626,-0.0506245
1,5.7e+09,0.866578,-0.175643,-0.00305802,0.0187471,-0.00305802,0.0187471,0.986347,-0.0513082
1,5.8e+09,0.865266,-0.176805,-0.00295086,0.0191182,-0.00295086,0.0191182,0.986069,-0.0519868
1,5.9e+09,0.863989,-0.177966,-0.00284109,0.0194858,-0.00284109,0.0194858,0.985795,-0.0526604
1,6e+09,0.862745,-0.179125,-0.00272892,0.0198499,-0.00272892,0.0198499,0.985523,-0.0533291
1,6.1e+09,0.861534,-0.180285,-0.00261453,0.0202107,-0.00261453,0.0202107,0.985254,-0.0539933
1,6.2e+09,0.860352,-0.181444,-0.00249812,0.0205682,-0.00249812,0.0205682,0.984987,-0.0546529
1,6.3e+09,0.859199,-0.182605,-0.00237985,0.0209224,-0.00237985,0.0209224,0.984724,-0.0553084
1,6.4e+09,0.858073,-0.183766,-0.00225989,0.0212734,-0.00225989,0.0212734,0.984463,-0.0559598
1,6.5e+09,0.856973,-0.18493,-0.00213839,0.0216214,-0.00213839,0.0216214,0.984204,-0.0566073
1,6.6e+09,0.855896,-0.186096,-0.00201549,0.0219663,-0.00201549,0.0219663,0.983948,-0.0572512
1,6.7e+09,0.854842,-0.187266,-0.00189134,0.0223082,-0.00189134,0.0223082,0.983695,-0.0578916
1,6.8e+09,0.853809,-0.188438,-0.00176605,0.0226473,-0.00176605,0.0226473,0.983445,-0.0585286
1,6.9e+09,0.852796,-0.189614,-0.00163975,0.0229836,-0.00163975,0.0229836,0.983197,-0.0591626
1,7e+09,0.851801,-0.190794,-0.00151255,0.0233172,-0.00151255,0.0233172,0.982951,-0.0597936
1,7.1e+09,0.850823,-0.191978,-0.00138456,0.0236482,-0.00138456,0.0236482,0.982708,-0.0604218
1,7.2e+09,0.849862,-0.193166,-0.00125587,0.0239766,-0.00125587,0.0239766,0.982468,-0.0610475
1,7.3e+09,0.848914,-0.19436,-0.00112657,0.0243025,-0.00112657,0.0243025,0.982229,-0.0616707
1,7.4e+09,0.847981,-0.195558,-0.000996756,0.0246261,-0.000996756,0.0246261,0.981993,-0.0622918
1,7.5e+09,0.84706,-0.196763,-0.000866502,0.0249473,-0.000866502,0.0249473,0.98176,-0.0629108
1,7.6e+09,0.84615,-0.197972,-0.000735883,0.0252663,-0.000735883,0.0252663,0.981528,-0.0635279
1,7.7e+09,0.84525,-0.199188,-0.000604956,0.0255832,-0.000604956,0.0255832,0.981299,-0.0641433
1,7.8e+09,0.84436,-0.200409,-0.00047375,0.0258979,-0.00047375,0.0258979,0.981071,-0.0647571
1,7.9e+09,0.84348,-0.201637,-0.000342291,0.0262107,-0.000342291,0.0262107,0.980846,-0.0653693
1,8e+09,0.84261,-0.20287,-0.000210601,0.0265214,-0.000210601,0.0265214,0.980623,-0.0659799
1,8.1e+09,0.841748,-0.204108,-7.8701e-05,0.0268302,-7.8701e-05,0.0268302,0.980402,-0.0665891
1,8.2e+09,0.840895,-0.205353,5.33892e-05,0.0271372,5.33892e-05,0.0271372,0.980183,-0.067197
1,8.3e+09,0.840051,-0.206602,0.000185652,0.0274424,0.000185652,0.0274424,0.979966,-0.0678035
1,8.4e+09,0.839214,-0.207858,0.000318073,0.0277458,0.000318073,0.0277458,0.979752,-0.0684087
1,8.5e+09,0.838386,-0.209118,0.000450636,0.0280475,0.000450636,0.0280475,0.979539,-0.0690127
1,8.6e+09,0.837566,-0.210384,0.000583328,0.0283475,0.000583328,0.0283475,0.979328,-0.0696155
1,8.7e+09,0.836753,-0.211656,0.000716138,0.0286459,0.000716138,0.0286459,0.97912,-0.0702172
1,8.8e+09,0.835947,-0.212932,0.000849056,0.0289428,0.000849056,0.0289428,0.978913,-0.0708178
1,8.9e+09,0.835148,-0.214214,0.000982072,0.0292381,0.000982072,0.0292381,0.978708,-0.0714174
1,9e+09,0.834356,-0.215501,0.00111518,0.029532,0.00111518,0.029532,0.978505,-0.0720161
1,9.1e+09,0.833571,-0.216792,0.00124836,0.0298244,0.00124836,0.0298244,0.978305,-0.0726138
1,9.2e+09,0.832792,-0.218089,0.00138163,0.0301154,0.00138163,0.0301154,0.978106,-0.0732106
1,9.3e+09,0.83202,-0.21939,0.00151497,0.0304051,0.00151497,0.0304051,0.977909,-0.0738066
1,9.4e+09,0.831253,-0.220697,0.00164837,0.0306935,0.00164837,0.0306935,0.977714,-0.0744017
1,9.5e+09,0.830493,-0.222008,0.00178184,0.0309806,0.00178184,0.0309806,0.97752,-0.0749961
1,9.6e+09,0.829738,-0.223323,0.00191536,0.0312665,0.00191536,0.0312665,0.977329,-0.0755897
1,9.7e+09,0.828989,-0.224643,0.00204895,0.0315512,0.00204895,0.0315512,0.977139,-0.0761827
1,9.8e+09,0.828245,-0.225968,0.00218259,0.0318347,0.00218259,0.0318347,0.976951,-0.0767749
1,9.9e+09,0.827506,-0.227297,0.00231628,0.032117,0.00231628,0.032117,0.976765,-0.0773666
1,1e+10,0.826772,-0.22863,0.00245004,0.0323983,0.00245004,0.0323983,0.976581,-0.0779576
1,1.01e+10,0.826043,-0.229967,0.00258385,0.0326785,0.00258385,0.0326785,0.976398,-0.078548
1,1.02e+10,0.825319,-0.231309,0.00271771,0.0329577,0.00271771,0.0329577,0.976217,-0.0791379
1,1.03e+10,0.8246,-0.232655,0.00285163,0.0332359,0.00285163,0.0332359,0.976038,-0.0797273
1,1.04e+10,0.823884,-0.234005,0.00298561,0.0335131,0.00298561,0.0335131,0.975861,-0.0803162
1,1.05e+10,0.823173,-0.235358,0.00311965,0.0337894,0.00311965,0.0337894,0.975685,-0.0809046
1,1.06e+10,0.822466,-0.236715,0.00325375,0.0340647,0.00325375,0.0340647,0.97551,-0.0814925
1,1.07e+10,0.821763,-0.238076,0.00338792,0.0343392,0.00338792,0.0343392,0.975337,-0.08208
1,1.08e+10,0.821064,-0.239441,0.00352215,0.0346128,0.00352215,0.0346128,0.975166,-0.0826671
1,1.09e+10,0.820368,-0.240809,0.00365645,0.0348856,0.00365645,0.0348856,0.974997,-0.0832539
1,1.1e+10,0.819676,-0.242181,0.00379082,0.0351575,0.00379082,0.0351575,0.974828,-0.0838402
1,1.11e+10,0.818987,-0.243556,0.00392528,0.0354287,0.00392528,0.0354287,0.974662,-0.0844263
1,1.12e+10,0.818302,-0.244935,0.00405981,0.0356991,0.00405981,0.0356991,0.974496,-0.085012
1,1.13e+10,0.81762,-0.246316,0.00419443,0.0359687,0.00419443,0.0359687,0.974332,-0.0855973
1,1.14e+10,0.81694,-0.247701,0.00432913,0.0362376,0.00432913,0.0362376,0.97417,-0.0861824
1,1.15e+10,0.816263,-0.249088,0.00446393,0.0365059,0.00446393,0.0365059,0.974009,-0.0867673
1,1.16e+10,0.815589,-0.250479,0.00459882,0.0367734,0.00459882,0.0367734,0.973849,-0.0873518
1,1.17e+10,0.814917,-0.251873,0.00473382,0.0370403,0.00473382,0.0370403,0.97369,-0.0879361
1,1.18e+10,0.814248,-0.253269,0.00486892,0.0373065,0.00486892,0.0373065,0.973533,-0.0885202
1,1.19e+10,0.813581,-0.254668,0.00500413,0.0375722,0.00500413,0.0375722,0.973377,-0.0891041
1,1.2e+10,0.812916,-0.256069,0.00513946,0.0378372,0.00513946,0.0378372,0.973222,-0.0896877
1,1.21e+10,0.812253,-0.257473,0.00527491,0.0381016,0.00527491,0.0381016,0.973068,-0.0902712
1,1.22e+10,0.811592,-0.258879,0.00541049,0.0383655,0.00541049,0.0383655,0.972916,-0.0908544
1,1.23e+10,0.810932,-0.260288,0.0055462,0.0386288,0.0055462,0.0386288,0.972764,-0.0914375
1,1.24e+10,0.810274,-0.261698,0.00568205,0.0388916,0.00568205,0.0388916,0.972614,-0.0920205
1,1.25e+10,0.809617,-0.263111,0.00581804,0.0391538,0.00581804,0.0391538,0.972465,-0.0926032
1,1.26e+10,0.808962,-0.264525,0.00595417,0.0394156,0.00595417,0.0394156,0.972316,-0.0931859
1,1.27e+10,0.808307,-0.265942,0.00609047,0.0396768,0.00609047,0.0396768,0.972169,-0.0937684
1,1.28e+10,0.807653,-0.26736,0.00622692,0.0399376,0.00622692,0.0399376,0.972023,-0.0943507
1,1.29e+10,0.807001,-0.26878,0.00636354,0.0401979,0.00636354,0.0401979,0.971877,-0.094933
1,1.3e+10,0.806348,-0.270202,0.00650032,0.0404577,0.00650032,0.0404577,0.971732,-0.0955151
1,1.31e+10,0.805697,-0.271625,0.00663729,0.0407171,0.00663729,0.0407171,0.971588,-0.0960972
1,1.32e+10,0.805045,-0.273049,0.00677444,0.0409761,0.00677444,0.0409761,0.971445,-0.0966791
1,1.33e+10,0.804394,-0.274475,0.00691177,0.0412346,0.00691177,0.0412346,0.971303,-0.0972609
1,1.34e+10,0.803743,-0.275901,0.0070493,0.0414927,0.0070493,0.0414927,0.971161,-0.0978427
1,1.35e+10,0.803091,-0.277329,0.00718703,0.0417505,0.00718703,0.0417505,0.97102,-0.0984243
1,1.36e+10,0.80244,-0.278758,0.00732497,0.0420078,0.00732497,0.0420078,0.97088,-0.0990059
1,1.37e+10,0.801788,-0.280187,0.00746312,0.0422647,0.00746312,0.0422647,0.97074,-0.0995874
1,1.38e+10,0.801135,-0.281618,0.00760149,0.0425213,0.00760149,0.0425213,0.970601,-0.100169
1,1.39e+10,0.800481,-0.283048,0.00774008,0.0427775,0.00774008,0.0427775,0.970463,-0.10075
1,1.4e+10,0.799827,-0.28448,0.0078789,0.0430333,0.0078789,0.0430333,0.970324,-0.101331
1,1.41e+10,0.799172,-0.285912,0.00801796,0.0432888,0.00801796,0.0432888,0.970187,-0.101913
1,1.42e+10,0.798515,-0.287344,0.00815726,0.043544,0.00815726,0.043544,0.970049,-0.102494
1,1.43e+10,0.797856,-0.288776,0.00829681,0.0437988,0.00829681,0.0437988,0.969912,-0.103075
1,1.44e+10,0.797197,-0.290208,0.00843661,0.0440533,0.00843661,0.0440533,0.969776,-0.103656
1,1.45e+10,0.796535,-0.29164,0.00857667,0.0443074,0.00857667,0.0443074,0.969639,-0.104237
1,1.46e+10,0.795872,-0.293072,0.00871699,0.0445612,0.00871699,0.0445612,0.969503,-0.104818
1,1.47e+10,0.795206,-0.294504,0.00885759,0.0448147,0.00885759,0.0448147,0.969367,-0.105399
1,1.48e+10,0.794538,-0.295935,0.00899846,0.0450678,0.00899846,0.0450678,0.969231,-0.10598
1,1.49e+10,0.793868,-0.297366,0.00913962,0.0453207,0.00913962,0.0453207,0.969095,-0.10656
1,1.5e+10,0.793195,-0.298795,0.00928107,0.0455732,0.00928107,0.0455732,0.96896,-0.107141
1,1.51e+10,0.79252,-0.300225,0.00942281,0.0458254,0.00942281,0.0458254,0.968824,-0.107722
1,1.52e+10,0.791841,-0.301653,0.00956485,0.0460774,0.00956485,0.0460774,0.968688,-0.108302
1,1.53e+10,0.791159,-0.303081,0.00970719,0.046329,0.00970719,0.046329,0.968553,-0.108883
1,1.54e+10,0.790475,-0.304508,0.00984984,0.0465803,0.00984984,0.0465803,0.968417,-0.109463
1,1.55e+10,0.789788,-0.305934,0.00999281,0.0468313,0.00999281,0.0468313,0.968281,-0.110044
1,1.56e+10,0.789098,-0.307359,0.0101361,0.0470819,0.0101361,0.0470819,0.968145,-0.110624
1,1.57e+10,0.788404,-0.308784,0.0102797,0.0473323,0.0102797,0.0473323,0.968009,-0.111205
1,1.58e+10,0.787708,-0.310209,0.0104237,0.0475824,0.0104237,0.0475824,0.967873,-0.111785
1,1.59e+10,0.787009,-0.311633,0.0105679,0.0478321,0.0105679,0.0478321,0.967737,-0.112366
1,1.6e+10,0.786307,-0.313057,0.0107125,0.0480816,0.0107125,0.0480816,0.967601,-0.112947
1,1.61e+10,0.785602,-0.31448,0.0108575,0.0483307,0.0108575,0.0483307,0.967465,-0.113527
1,1.62e+10,0.784894,-0.315903,0.0110028,0.0485795,0.0110028,0.0485795,0.967329,-0.114108
1,1.63e+10,0.784184,-0.317326,0.0111485,0.048828,0.0111485,0.048828,0.967192,-0.114689
1,1.64e+10,0.78347,-0.318748,0.0112945,0.0490763,0.0112945,0.0490763,0.967056,-0.11527
1,1.65e+10,0.782753,-0.32017,0.0114409,0.0493241,0.0114409,0.0493241,0.96692,-0.115851
1,1.66e+10,0.782033,-0.321593,0.0115876,0.0495717,0.0115876,0.0495717,0.966783,-0.116432
1,1.67e+10,0.78131,-0.323014,0.0117347,0.049819,0.0117347,0.049819,0.966647,-0.117013
1,1.68e+10,0.780585,-0.324437,0.0118822,0.050066,0.0118822,0.050066,0.96651,-0.117594
1,1.69e+10,0.779856,-0.325858,0.0120301,0.0503126,0.0120301,0.0503126,0.966374,-0.118175
1,1.7e+10,0.779124,-0.32728,0.0121784,0.050559,0.0121784,0.050559,0.966237,-0.118757
1,1.71e+10,0.77839,-0.328702,0.012327,0.050805,0.012327,0.050805,0.966101,-0.119339
1,1.72e+10,0.777652,-0.330124,0.0124761,0.0510507,0.0124761,0.0510507,0.965964,-0.11992
1,1.73e+10,0.776912,-0.331546,0.0126255,0.0512961,0.0126255,0.0512961,0.965827,-0.120502
1,1.74e+10,0.776168,-0.332968,0.0127754,0.0515412,0.0127754,0.0515412,0.96569,-0.121084
1,1.75e+10,0.775422,-0.334391,0.0129256,0.051786,0.0129256,0.051786,0.965553,-0.121667
1,1.76e+10,0.774672,-0.335813,0.0130763,0.0520305,0.0130763,0.0520305,0.965416,-0.122249
1,1.77e+10,0.77392,-0.337236,0.0132274,0.0522747,0.0132274,0.0522747,0.965279,-0.122832
1,1.78e+10,0.773165,-0.338659,0.0133789,0.0525186,0.0133789,0.0525186,0.965142,-0.123415
1,1.79e+10,0.772406,-0.340082,0.0135309,0.0527621,0.0135309,0.0527621,0.965004,-0.123998
1,1.8e+10,0.771645,-0.341506,0.0136832,0.0530054,0.0136832,0.0530054,0.964867,-0.124581
1,1.81e+10,0.770881,-0.34293,0.013836,0.0532483,0.013836,0.0532483,0.96473,-0.125164
1,1.82e+10,0.770114,-0.344354,0.0139893,0.0534909,0.0139893,0.0534909,0.964592,-0.125748
1,1.83e+10,0.769344,-0.345778,0.0141429,0.0537332,0.0141429,0.0537332,0.964454,-0.126332
1,1.84e+10,0.768571,-0.347203,0.0142971,0.0539752,0.0142971,0.0539752,0.964317,-0.126916
1,1.85e+10,0.767795,-0.348629,0.0144517,0.0542169,0.0144517,0.0542169,0.964179,-0.1275
1,1.86e+10,0.767015,-0.350055,0.0146067,0.0544583,0.0146067,0.0544583,0.964041,-0.128084
1,1.87e+10,0.766234,-0.351481,0.0147622,0.0546994,0.0147622,0.0546994,0.963903,-0.128669
1,1.88e+10,0.765449,-0.352907,0.0149181,0.0549401,0.0149181,0.0549401,0.963765,-0.129254
1,1.89e+10,0.764661,-0.354335,0.0150746,0.0551806,0.0150746,0.0551806,0.963627,-0.129839
1,1.9e+10,0.763871,-0.355762,0.0152315,0.0554207,0.0152315,0.0554207,0.963489,-0.130425
1,1.91e+10,0.763077,-0.357191,0.0153888,0.0556605,0.0153888,0.0556605,0.963351,-0.131011
1,1.92e+10,0.76228,-0.358619,0.0155467,0.0559,0.0155467,0.0559,0.963213,-0.131597
1,1.93e+10,0.761481,-0.360049,0.015705,0.0561393,0.015705,0.0561393,0.963074,-0.132183
1,1.94e+10,0.760679,-0.361478,0.0158638,0.0563781,0.0158638,0.0563781,0.962936,-0.132769
1,1.95e+10,0.759874,-0.362909,0.0160232,0.0566167,0.0160232,0.0566167,0.962797,-0.133356
1,1.96e+10,0.759066,-0.36434,0.016183,0.056855,0.016183,0.056855,0.962659,-0.133943
1,1.97e+10,0.758255,-0.365772,0.0163433,0.0570929,0.0163433,0.0570929,0.96252,-0.13453
1,1.98e+10,0.757441,-0.367204,0.0165041,0.0573306,0.0165041,0.0573306,0.962381,-0.135118
1,1.99e+10,0.756625,-0.368637,0.0166654,0.0575679,0.0166654,0.0575679,0.962243,-0.135706
1,2e+10,0.755805,-0.37007,0.0168272,0.0578049,0.0168272,0.0578049,0.962104,-0.136294
1,2.01e+10,0.754983,-0.371504,0.0169895,0.0580416,0.0169895,0.0580416,0.961965,-0.136882
1,2.02e+10,0.754158,-0.372939,0.0171524,0.058278,0.0171524,0.058278,0.961826,-0.137471
1,2.03e+10,0.75333,-0.374374,0.0173158,0.058514,0.0173158,0.058514,0.961687,-0.13806
1,2.04e+10,0.752499,-0.37581,0.0174796,0.0587498,0.0174796,0.0587498,0.961547,-0.138649
1,2.05e+10,0.751666,-0.377247,0.0176441,0.0589853,0.0176441,0.0589853,0.961408,-0.139238
1,2.06e+10,0.75083,-0.378685,0.017809,0.0592204,0.017809,0.0592204,0.961269,-0.139828
1,2.07e+10,0.749991,-0.380123,0.0179745,0.0594552,0.0179745,0.0594552,0.961129,-0.140418
1,2.08e+10,0.749149,-0.381561,0.0181405,0.0596897,0.0181405,0.0596897,0.96099,-0.141009
1,2.09e+10,0.748305,-0.383001,0.0183071,0.0599239,0.0183071,0.0599239,0.96085,-0.141599
1,2.1e+10,0.747457,-0.384441,0.0184742,0.0601577,0.0184742,0.0601577,0.960711,-0.14219
1,2.11e+10,0.746607,-0.385882,0.0186419,0.0603913,0.0186419,0.0603913,0.960571,-0.142782
1,2.12e+10,0.745755,-0.387323,0.0188101,0.0606245,0.0188101,0.0606245,0.960431,-0.143373
1,2.13e+10,0.7449,-0.388765,0.0189788,0.0608574,0.0189788,0.0608574,0.960291,-0.143965
1,2.14e+10,0.744042,-0.390208,0.0191481,0.06109,0.0191481,0.06109,0.960152,-0.144557
1,2.15e+10,0.743181,-0.391652,0.019318,0.0613223,0.019318,0.0613223,0.960012,-0.145149
1,2.16e+10,0.742317,-0.393096,0.0194884,0.0615543,0.0194884,0.0615543,0.959872,-0.145742
1,2.17e+10,0.741452,-0.394541,0.0196594,0.0617859,0.0196594,0.0617859,0.959732,-0.146335
1,2.18e+10,0.740583,-0.395987,0.019831,0.0620173,0.019831,0.0620173,0.959591,-0.146928
1,2.19e+10,0.739712,-0.397433,0.0200032,0.0622483,0.0200032,0.0622483,0.959451,-0.147521
1,2.2e+10,0.738838,-0.39888,0.0201759,0.062479,0.0201759,0.062479,0.959311,-0.148115
1,2.21e+10,0.737962,-0.400328,0.0203492,0.0627093,0.0203492,0.0627093,0.959171,-0.148709
1,2.22e+10,0.737083,-0.401776,0.0205231,0.0629394,0.0205231,0.0629394,0.95903,-0.149304
1,2.23e+10,0.736202,-0.403225,0.0206975,0.0631691,0.0206975,0.0631691,0.95889,-0.149898
1,2.24e+10,0.735318,-0.404674,0.0208726,0.0633986,0.0208726,0.0633986,0.95875,-0.150493
1,2.25e+10,0.734431,-0.406125,0.0210482,0.0636276,0.0210482,0.0636276,0.958609,-0.151088
1,2.26e+10,0.733542,-0.407575,0.0212244,0.0638564,0.0212244,0.0638564,0.958468,-0.151684
1,2.27e+10,0.732651,-0.409027,0.0214012,0.0640849,0.0214012,0.0640849,0.958328,-0.15228
1,2.28e+10,0.731757,-0.410479,0.0215787,0.064313,0.0215787,0.064313,0.958187,-0.152875
1,2.29e+10,0.730861,-0.411932,0.0217567,0.0645408,0.0217567,0.0645408,0.958047,-0.153472
1,2.3e+10,0.729963,-0.413385,0.0219353,0.0647684,0.0219353,0.0647684,0.957906,-0.154068
1,2.31e+10,0.729062,-0.414839,0.0221145,0.0649955,0.0221145,0.0649955,0.957765,-0.154665
1,2.32e+10,0.728158,-0.416293,0.0222943,0.0652224,0.0222943,0.0652224,0.957624,-0.155262
1,2.33e+10,0.727253,-0.417748,0.0224748,0.0654489,0.0224748,0.0654489,0.957483,-0.155859
1,2.34e+10,0.726345,-0.419204,0.0226558,0.0656751,0.0226558,0.0656751,0.957342,-0.156457
1,2.35e+10,0.725435,-0.42066,0.0228374,0.065901,0.0228374,0.065901,0.957202,-0.157054
1,2.36e+10,0.724522,-0.422117,0.0230197,0.0661266,0.0230197,0.0661266,0.957061,-0.157652
1,2.37e+10,0.723607,-0.423574,0.0232026,0.0663518,0.0232026,0.0663518,0.95692,-0.15825
1,2.38e+10,0.72269,-0.425032,0.0233861,0.0665768,0.0233861,0.0665768,0.956779,-0.158849
1,2.39e+10,0.721771,-0.42649,0.0235702,0.0668013,0.0235702,0.0668013,0.956638,-0.159447
1,2.4e+10,0.72085,-0.427948,0.023755,0.0670256,0.023755,0.0670256,0.956497,-0.160046
1,2.41e+10,0.719926,-0.429407,0.0239403,0.0672496,0.0239403,0.0672496,0.956356,-0.160645
1,2.42e+10,0.719001,-0.430867,0.0241263,0.0674732,0.0241263,0.0674732,0.956214,-0.161245
1,2.43e+10,0.718073,-0.432327,0.024313,0.0676965,0.024313,0.0676965,0.956073,-0.161844
1,2.44e+10,0.717143,-0.433787,0.0245002,0.0679195,0.0245002,0.0679195,0.955932,-0.162444
1,2.45e+10,0.716212,-0.435247,0.0246881,0.0681422,0.0246881,0.0681422,0.955791,-0.163044
1,2.46e+10,0.715278,-0.436708,0.0248766,0.0683645,0.0248766,0.0683645,0.95565,-0.163644
1,2.47e+10,0.714342,-0.43817,0.0250658,0.0685865,0.0250658,0.0685865,0.955509,-0.164244
1,2.48e+10,0.713404,-0.439631,0.0252555,0.0688082,0.0252555,0.0688082,0.955368,-0.164844
1,2.49e+10,0.712465,-0.441093,0.0254459,0.0690296,0.0254459,0.0690296,0.955227,-0.165445
1,2.5e+10,0.711523,-0.442555,0.025637,0.0692506,0.025637,0.0692506,0.955086,-0.166046
1,2.51e+10,0.71058,-0.444018,0.0258287,0.0694714,0.0258287,0.0694714,0.954945,-0.166646
1,2.52e+10,0.709634,-0.44548,0.026021,0.0696918,0.026021,0.0696918,0.954804,-0.167247
1,2.53e+10,0.708687,-0.446943,0.026214,0.0699119,0.026214,0.0699119,0.954662,-0.167849
1,2.54e+10,0.707739,-0.448406,0.0264076,0.0701317,0.0264076,0.0701317,0.954521,-0.16845
1,2.55e+10,0.706788,-0.449869,0.0266018,0.0703511,0.0266018,0.0703511,0.95438,-0.169051
1,2.56e+10,0.705836,-0.451333,0.0267968,0.0705702,0.0267968,0.0705702,0.954239,-0.169653
1,2.57e+10,0.704882,-0.452796,0.0269923,0.070789,0.0269923,0.070789,0.954098,-0.170254
1,2.58e+10,0.703926,-0.454259,0.0271885,0.0710075,0.0271885,0.0710075,0.953957,-0.170856
1,2.59e+10,0.702969,-0.455723,0.0273853,0.0712257,0.0273853,0.0712257,0.953816,-0.171458
1,2.6e+10,0.70201,-0.457186,0.0275828,0.0714435,0.0275828,0.0714435,0.953675,-0.17206
1,2.61e+10,0.70105,-0.45865,0.0277809,0.0716611,0.0277809,0.0716611,0.953534,-0.172662
1,2.62e+10,0.700088,-0.460113,0.0279796,0.0718783,0.0279796,0.0718783,0.953394,-0.173264
1,2.63e+10,0.699125,-0.461577,0.0281791,0.0720952,0.0281791,0.0720952,0.953253,-0.173866
1,2.64e+10,0.69816,-0.46304,0.0283791,0.0723118,0.0283791,0.0723118,0.953112,-0.174468
1,2.65e+10,0.697194,-0.464503,0.0285798,0.072528,0.0285798,0.072528,0.952971,-0.17507
1,2.66e+10,0.696227,-0.465966,0.0287812,0.072744,0.0287812,0.072744,0.952831,-0.175673
1,2.67e+10,0.695258,-0.467429,0.0289832,0.0729596,0.0289832,0.0729596,0.95269,-0.176275
1,2.68e+10,0.694288,-0.468892,0.0291858,0.073175,0.0291858,0.073175,0.95255,-0.176877
1,2.69e+10,0.693317,-0.470354,0.0293891,0.07339,0.0293891,0.07339,0.952409,-0.177479
1,2.7e+10,0.692344,-0.471816,0.0295931,0.0736047,0.0295931,0.0736047,0.952269,-0.178082
1,2.71e+10,0.691371,-0.473278,0.0297977,0.0738191,0.0297977,0.0738191,0.952128,-0.178684
1,2.72e+10,0.690396,-0.474739,0.0300029,0.0740332,0.0300029,0.0740332,0.951988,-0.179286
1,2.73e+10,0.68942,-0.4762,0.0302088,0.074247,0.0302088,0.074247,0.951848,-0.179888
1,2.74e+10,0.688443,-0.477661,0.0304153,0.0744604,0.0304153,0.0744604,0.951708,-0.18049
1,2.75e+10,0.687466,-0.479121,0.0306225,0.0746736,0.0306225,0.0746736,0.951567,-0.181092
1,2.76e+10,0.686487,-0.480581,0.0308303,0.0748865,0.0308303,0.0748865,0.951427,-0.181694
1,2.77e+10,0.685507,-0.48204,0.0310388,0.0750991,0.0310388,0.0750991,0.951287,-0.182296
1,2.78e+10,0.684527,-0.483498,0.0312479,0.0753113,0.0312479,0.0753113,0.951148,-0.182898
1,2.79e+10,0.683545,-0.484956,0.0314577,0.0755233,0.0314577,0.0755233,0.951008,-0.1835
1,2.8e+10,0.682563,-0.486413,0.0316681,0.075735,0.0316681,0.075735,0.950868,-0.184102
1,2.81e+10,0.681581,-0.48787,0.0318791,0.0759464,0.0318791,0.0759464,0.950729,-0.184703
1,2.82e+10,0.680597,-0.489326,0.0320908,0.0761574,0.0320908,0.0761574,0.950589,-0.185304
1,2.83e+10,0.679613,-0.490781,0.0323032,0.0763682,0.0323032,0.0763682,0.95045,-0.185906
1,2.84e+10,0.678628,-0.492235,0.0325161,0.0765787,0.0325161,0.0765787,0.950311,-0.186506
1,2.85e+10,0.677643,-0.493689,0.0327297,0.0767889,0.0327297,0.0767889,0.950171,-0.187107
1,2.86e+10,0.676657,-0.495142,0.032944,0.0769988,0.032944,0.0769988,0.950032,-0.187708
1,2.87e+10,0.675671,-0.496593,0.0331589,0.0772085,0.0331589,0.0772085,0.949894,-0.188308
1,2.88e+10,0.674684,-0.498044,0.0333744,0.0774178,0.0333744,0.0774178,0.949755,-0.188909
1,2.89e+10,0.673697,-0.499493,0.0335905,0.0776268,0.0335905,0.0776268,0.949616,-0.189509
1,2.9e+10,0.67271,-0.500942,0.0338073,0.0778356,0.0338073,0.0778356,0.949478,-0.190108
1,2.91e+10,0.671722,-0.50239,0.0340247,0.0780441,0.0340247,0.0780441,0.949339,-0.190708
1,2.92e+10,0.670735,-0.503836,0.0342427,0.0782523,0.0342427,0.0782523,0.949201,-0.191307
1,2.93e+10,0.669747,-0.505281,0.0344614,0.0784603,0.0344614,0.0784603,0.949063,-0.191906
1,2.94e+10,0.668759,-0.506725,0.0346807,0.0786679,0.0346807,0.0786679,0.948925,-0.192505
1,2.95e+10,0.667771,-0.508168,0.0349006,0.0788753,0.0349006,0.0788753,0.948787,-0.193103
1,2.96e+10,0.666783,-0.509609,0.0351211,0.0790824,0.0351211,0.0790824,0.948649,-0.193701
1,2.97e+10,0.665795,-0.511049,0.0353422,0.0792893,0.0353422,0.0792893,0.948512,-0.194299
1,2.98e+10,0.664807,-0.512487,0.035564,0.0794959,0.035564,0.0794959,0.948374,-0.194896
1,2.99e+10,0.66382,-0.513924,0.0357864,0.0797022,0.0357864,0.0797022,0.948237,-0.195493
1,3e+10,0.662832,-0.51536,0.0360093,0.0799083,0.0360093,0.0799083,0.9481,-0.196089